29.33, 0.00
34.07, 13.91
44.83, 11.93
55.16, 10.66
65.28, 8.84
74.77, 8.07
84.89, 6.33
95.01, 5.55
104.71, 5.10
115.04, 4.35
125.58, 4.11
135.07, 3.61
144.56, 3.03
154.47, 2.69
164.59, 2.16
175.13, 2.26
184.62, 1.89
193.89, 1.86
204.23, 1.50
214.55, 1.46
224.88, 1.65
234.79, 1.25
244.49, 1.01
253.98, 0.98
264.32, 0.74
274.65, 0.66
285.40, 0.62
294.25, 0.55
304.16, 0.51
313.85, 0.54
324.82, 0.42
334.51, 0.49
344.85, 0.33
355.18, 0.32
364.46, 0.26
374.15, 0.28
384.69, 0.27
394.60, 0.26
404.73, 0.17
414.00, 0.20
424.75, 0.19
434.02, 0.18
444.98, 0.21
454.67, 0.19
464.37, 0.18
474.07, 0.14
484.21, 0.09
494.72, 0.19
504.63, 0.14
514.12, 0.12
524.04, 0.10
533.95, 0.08
543.86, 0.07
554.17, 0.12
563.91, 0.03
574.01, 0.05
584.15, 0.02
594.24, 0.05
